3
-250 -166
0 0
86 0
-250 -166
-248 -165
-246 -164
-245 -163
-244 -163
-243 -162
-242 -162
-242 -161
-241 -161
-240 -161
-240 -160
-239 -160
-239 -159
-238 -160
-238 -159
-237 -159
-237 -158
-236 -159
-236 -158
-236 -157
-235 -158
-235 -157
-234 -158
-234 -157
-234 -156
-233 -157
-233 -156
-233 -155
-232 -157
-232 -156
-232 -155
-231 -156
-231 -155
-231 -154
-230 -156
-230 -155
-230 -154
-230 -153
-229 -155
-229 -154
-229 -153
-228 -155
-228 -154
-228 -153
-228 -152
-227 -154
-227 -153
-227 -152
-227 -151
-226 -154
-226 -153
-226 -152
-226 -151
-225 -153
-225 -152
-225 -151
-225 -150
-224 -153
-224 -152
-224 -151
-224 -150
-224 -149
-223 -152
-223 -151
-223 -150
-223 -149
-222 -152
-222 -151
-222 -150
-222 -149
-222 -148
-221 -151
-221 -150
-221 -149
-221 -148
-221 -147
-220 -151
-220 -150
-220 -149
-220 -148
-220 -147
-219 -150
-219 -149
-219 -148
-219 -147
-219 -146
-218 -150
-218 -149
-218 -148
-218 -147
-218 -146
-218 -145
-217 -149
-217 -148
-217 -147
-217 -146
-217 -145
-216 -149
-216 -148
-216 -147
-216 -146
-216 -145
-216 -144
-215 -148
-215 -147
-215 -146
-215 -145
-215 -144
-215 -143
-214 -148
-214 -147
-214 -146
-214 -145
-214 -144
-214 -143
-213 -147
-213 -146
-213 -145
-213 -144
-213 -143
-213 -142
-212 -147
-212 -146
-212 -145
-212 -144
-212 -143
-212 -142
-212 -141
-211 -146
-211 -145
-211 -144
-211 -143
-211 -142
-211 -141
-210 -146
-210 -145
-210 -144
-210 -143
-210 -142
-210 -141
-210 -140
-209 -145
-209 -144
-209 -143
-209 -142
-209 -141
-209 -140
-209 -139
-208 -145
-208 -144
-208 -143
-208 -142
-208 -141
-208 -140
-208 -139
-207 -144
-207 -143
-207 -142
-207 -141
-207 -140
-207 -139
-207 -138
-206 -144
-206 -143
-206 -142
-206 -141
-206 -140
-206 -139
-206 -138
-206 -137
-205 -143
-205 -142
-205 -141
-205 -140
-205 -139
-205 -138
-205 -137
-204 -143
-204 -142
-204 -141
-204 -140
-204 -139
-204 -138
-204 -137
-204 -136
-203 -142
-203 -141
-203 -140
-203 -139
-203 -138
-203 -137
-203 -136
-203 -135
-202 -142
-202 -141
-202 -140
-202 -139
-202 -138
-202 -137
-202 -136
-202 -135
-201 -141
-201 -140
-201 -139
-201 -138
-201 -137
-201 -136
-201 -135
-201 -134
-200 -141
-200 -140
-200 -139
-200 -138
-200 -137
-200 -136
-200 -135
-200 -134
-200 -133
-199 -140
-199 -139
-199 -138
-199 -137
-199 -136
-199 -135
-199 -134
-199 -133
-198 -140
-198 -139
-198 -138
-198 -137
-198 -136
-198 -135
-198 -134
-198 -133
-198 -132
-197 -139
-197 -138
-197 -137
-197 -136
-197 -135
-197 -134
-197 -133
-197 -132
-197 -131
-196 -139
-196 -138
-196 -137
-196 -136
-196 -135
-196 -134
-196 -133
-196 -132
-196 -131
-195 -138
-195 -137
-195 -136
-195 -135
-195 -134
-195 -133
-195 -132
-195 -131
-195 -130
-194 -138
-194 -137
-194 -136
-194 -135
-194 -134
-194 -133
-194 -132
-194 -131
-194 -130
-194 -129
-193 -137
-193 -136
-193 -135
-193 -134
-193 -133
-193 -132
-193 -131
-193 -130
-193 -129
-192 -137
-192 -136
-192 -135
-192 -134
-192 -133
-192 -132
-192 -131
-192 -130
-192 -129
-192 -128
-191 -136
-191 -135
-191 -134
-191 -133
-191 -132
-191 -131
-191 -130
-191 -129
-191 -128
-191 -127
-190 -136
-190 -135
-190 -134
-190 -133
-190 -132
-190 -131
-190 -130
-190 -129
-190 -128
-190 -127
-189 -135
-189 -134
-189 -133
-189 -132
-189 -131
-189 -130
-189 -129
-189 -128
-189 -127
-189 -126
-188 -135
-188 -134
-188 -133
-188 -132
-188 -131
-188 -130
-188 -129
-188 -128
-188 -127
-188 -126
-188 -125
-187 -134
-187 -133
-187 -132
-187 -131
-187 -130
-187 -129
-187 -128
-187 -127
-187 -126
-187 -125
-186 -134
-186 -133
-186 -132
-186 -131
-186 -130
-186 -129
-186 -128
-186 -127
-186 -126
-186 -125
-186 -124
-185 -133
-185 -132
-185 -131
-185 -130
-185 -129
-185 -128
-185 -127
-185 -126
-185 -125
-185 -124
-185 -123
-184 -133
-184 -132
-184 -131
-184 -130
-184 -129
-184 -128
-184 -127
-184 -126
-184 -125
-184 -124
-184 -123
-183 -132
-183 -131
-183 -130
-183 -129
-183 -128
-183 -127
-183 -126
-183 -125
-183 -124
-183 -123
-183 -122
-182 -132
-182 -131
-182 -130
-182 -129
-182 -128
-182 -127
-182 -126
-182 -125
-182 -124
-182 -123
-182 -122
-182 -121
-181 -131
-181 -130
-181 -129
-181 -128
-181 -127
-181 -126
-181 -125
-181 -124
-181 -123
-181 -122
-181 -121
-180 -131
-180 -130
-180 -129
-180 -128
-180 -127
-180 -126
-180 -125
-180 -124
-180 -123
-180 -122
-180 -121
-180 -120
-179 -130
-179 -129
-179 -128
-179 -127
-179 -126
-179 -125
-179 -124
-179 -123
-179 -122
-179 -121
-179 -120
-179 -119
-178 -130
-178 -129
-178 -128
-178 -127
-178 -126
-178 -125
-178 -124
-178 -123
-178 -122
-178 -121
-178 -120
-178 -119
-177 -129
-177 -128
-177 -127
-177 -126
-177 -125
-177 -124
-177 -123
-177 -122
-177 -121
-177 -120
-177 -119
-177 -118
-176 -129
-176 -128
-176 -127
-176 -126
-176 -125
-176 -124
-176 -123
-176 -122
-176 -121
-176 -120
-176 -119
-176 -118
-176 -117
-175 -128
-175 -127
-175 -126
-175 -125
-175 -124
-175 -123
-175 -122
-175 -121
-175 -120
-175 -119
-175 -118
-175 -117
-174 -128
-174 -127
-174 -126
-174 -125
-174 -124
-174 -123
-174 -122
-174 -121
-174 -120
-174 -119
-174 -118
-174 -117
-174 -116
-173 -127
-173 -126
-173 -125
-173 -124
-173 -123
-173 -122
-173 -121
-173 -120
-173 -119
-173 -118
-173 -117
-173 -116
-173 -115
-172 -127
-172 -126
-172 -125
-172 -124
-172 -123
-172 -122
-172 -121
-172 -120
-172 -119
-172 -118
-172 -117
-172 -116
-172 -115
-171 -126
-171 -125
-171 -124
-171 -123
-171 -122
-171 -121
-171 -120
-171 -119
-171 -118
-171 -117
-171 -116
-171 -115
-171 -114
-170 -126
-170 -125
-170 -124
-170 -123
-170 -122
-170 -121
-170 -120
-170 -119
-170 -118
-170 -117
-170 -116
-170 -115
-170 -114
-170 -113
-169 -125
-169 -124
-169 -123
-169 -122
-169 -121
-169 -120
-169 -119
-169 -118
-169 -117
-169 -116
-169 -115
-169 -114
-169 -113
-168 -125
-168 -124
-168 -123
-168 -122
-168 -121
-168 -120
-168 -119
-168 -118
-168 -117
-168 -116
-168 -115
-168 -114
-168 -113
-168 -112
-167 -124
-167 -123
-167 -122
-167 -121
-167 -120
-167 -119
-167 -118
-167 -117
-167 -116
-167 -115
-167 -114
-167 -113
-167 -112
-167 -111
-166 -124
-166 -123
-166 -122
-166 -121
-166 -120
-166 -119
-166 -118
-166 -117
-166 -116
-166 -115
-166 -114
-166 -113
-166 -112
-166 -111
-165 -124
-165 -123
-165 -122
-165 -121
-165 -120
-165 -119
-165 -118
-165 -117
-165 -116
-165 -115
-165 -114
-165 -113
-165 -112
-165 -111
-165 -110
-164 -123
-164 -122
-164 -121
-164 -120
-164 -119
-164 -118
-164 -117
-164 -116
-164 -115
-164 -114
-164 -113
-164 -112
-164 -111
-164 -110
-164 -109
-163 -123
-163 -122
-163 -121
-163 -120
-163 -119
-163 -118
-163 -117
-163 -116
-163 -115
-163 -114
-163 -113
-163 -112
-163 -111
-163 -110
-163 -109
-162 -122
-162 -121
-162 -120
-162 -119
-162 -118
-162 -117
-162 -116
-162 -115
-162 -114
-162 -113
-162 -112
-162 -111
-162 -110
-162 -109
-162 -108
-161 -122
-161 -121
-161 -120
-161 -119
-161 -118
-161 -117
-161 -116
-161 -115
-161 -114
-161 -113
-161 -112
-161 -111
-161 -110
-161 -109
-161 -108
-161 -107
-160 -121
-160 -120
-160 -119
-160 -118
-160 -117
-160 -116
-160 -115
-160 -114
-160 -113
-160 -112
-160 -111
-160 -110
-160 -109
-160 -108
-160 -107
-159 -121
-159 -120
-159 -119
-159 -118
-159 -117
-159 -116
-159 -115
-159 -114
-159 -113
-159 -112
-159 -111
-159 -110
-159 -109
-159 -108
-159 -107
-159 -106
-158 -120
-158 -119
-158 -118
-158 -117
-158 -116
-158 -115
-158 -114
-158 -113
-158 -112
-158 -111
-158 -110
-158 -109
-158 -108
-158 -107
-158 -106
-158 -105
-157 -120
-157 -119
-157 -118
-157 -117
-157 -116
-157 -115
-157 -114
-157 -113
-157 -112
-157 -111
-157 -110
-157 -109
-157 -108
-157 -107
-157 -106
-157 -105
-156 -119
-156 -118
-156 -117
-156 -116
-156 -115
-156 -114
-156 -113
-156 -112
-156 -111
-156 -110
-156 -109
-156 -108
-156 -107
-156 -106
-156 -105
-156 -104
-155 -119
-155 -118
-155 -117
-155 -116
-155 -115
-155 -114
-155 -113
-155 -112
-155 -111
-155 -110
-155 -109
-155 -108
-155 -107
-155 -106
-155 -105
-155 -104
-155 -103
-154 -118
-154 -117
-154 -116
-154 -115
-154 -114
-154 -113
-154 -112
-154 -111
-154 -110
-154 -109
-154 -108
-154 -107
-154 -106
-154 -105
-154 -104
-154 -103
-153 -118
-153 -117
-153 -116
-153 -115
-153 -114
-153 -113
-153 -112
-153 -111
-153 -110
-153 -109
-153 -108
-153 -107
-153 -106
-153 -105
-153 -104
-153 -103
-153 -102
-152 -117
-152 -116
-152 -115
-152 -114
-152 -113
-152 -112
-152 -111
-152 -110
-152 -109
-152 -108
-152 -107
-152 -106
-152 -105
-152 -104
-152 -103
-152 -102
-152 -101
-151 -117
-151 -116
-151 -115
-151 -114
-151 -113
-151 -112
-151 -111
-151 -110
-151 -109
-151 -108
-151 -107
-151 -106
-151 -105
-151 -104
-151 -103
-151 -102
-151 -101
-150 -116
-150 -115
-150 -114
-150 -113
-150 -112
-150 -111
-150 -110
-150 -109
-150 -108
-150 -107
-150 -106
-150 -105
-150 -104
-150 -103
-150 -102
-150 -101
-150 -100
-149 -116
-149 -115
-149 -114
-149 -113
-149 -112
-149 -111
-149 -110
-149 -109
-149 -108
-149 -107
-149 -106
-149 -105
-149 -104
-149 -103
-149 -102
-149 -101
-149 -100
-149 -99
-148 -115
-148 -114
-148 -113
-148 -112
-148 -111
-148 -110
-148 -109
-148 -108
-148 -107
-148 -106
-148 -105
-148 -104
-148 -103
-148 -102
-148 -101
-148 -100
-148 -99
-147 -115
-147 -114
-147 -113
-147 -112
-147 -111
-147 -110
-147 -109
-147 -108
-147 -107
-147 -106
-147 -105
-147 -104
-147 -103
-147 -102
-147 -101
-147 -100
-147 -99
-147 -98
-146 -114
-146 -113
-146 -112
-146 -111
-146 -110
-146 -109
-146 -108
-146 -107
-146 -106
-146 -105
-146 -104
-146 -103
-146 -102
-146 -101
-146 -100
-146 -99
-146 -98
-146 -97
-145 -114
-145 -113
-145 -112
-145 -111
-145 -110
-145 -109
-145 -108
-145 -107
-145 -106
-145 -105
-145 -104
-145 -103
-145 -102
-145 -101
-145 -100
-145 -99
-145 -98
-145 -97
-144 -113
-144 -112
-144 -111
-144 -110
-144 -109
-144 -108
-144 -107
-144 -106
-144 -105
-144 -104
-144 -103
-144 -102
-144 -101
-144 -100
-144 -99
-144 -98
-144 -97
-144 -96
-143 -113
-143 -112
-143 -111
-143 -110
-143 -109
-143 -108
-143 -107
-143 -106
-143 -105
-143 -104
-143 -103
-143 -102
-143 -101
-143 -100
-143 -99
-143 -98
-143 -97
-143 -96
-143 -95
-142 -112
-142 -111
-142 -110
-142 -109
-142 -108
-142 -107
-142 -106
-142 -105
-142 -104
-142 -103
-142 -102
-142 -101
-142 -100
-142 -99
-142 -98
-142 -97
-142 -96
-142 -95
-141 -112
-141 -111
-141 -110
-141 -109
-141 -108
-141 -107
-141 -106
-141 -105
-141 -104
-141 -103
-141 -102
-141 -101
-141 -100
-141 -99
-141 -98
-141 -97
-141 -96
-141 -95
-141 -94
-140 -111
-140 -110
-140 -109
-140 -108
-140 -107
-140 -106
-140 -105
-140 -104
-140 -103
-140 -102
-140 -101
-140 -100
-140 -99
-140 -98
-140 -97
-140 -96
-140 -95
-140 -94
-140 -93
-139 -111
-139 -110
-139 -109
-139 -108
-139 -107
-139 -106
-139 -105
-139 -104
-139 -103
-139 -102
-139 -101
-139 -100
-139 -99
-139 -98
-139 -97
-139 -96
-139 -95
-139 -94
-139 -93
-138 -110
-138 -109
-138 -108
-138 -107
-138 -106
-138 -105
-138 -104
-138 -103
-138 -102
-138 -101
-138 -100
-138 -99
-138 -98
-138 -97
-138 -96
-138 -95
-138 -94
-138 -93
-138 -92
-137 -110
-137 -109
-137 -108
-137 -107
-137 -106
-137 -105
-137 -104
-137 -103
-137 -102
-137 -101
-137 -100
-137 -99
-137 -98
-137 -97
-137 -96
-137 -95
-137 -94
-137 -93
-137 -92
-137 -91
-136 -109
-136 -108
-136 -107
-136 -106
-136 -105
-136 -104
-136 -103
-136 -102
-136 -101
-136 -100
-136 -99
-136 -98
-136 -97
-136 -96
-136 -95
-136 -94
-136 -93
-136 -92
-136 -91
-135 -109
-135 -108
-135 -107
-135 -106
-135 -105
-135 -104
-135 -103
-135 -102
-135 -101
-135 -100
-135 -99
-135 -98
-135 -97
-135 -96
-135 -95
-135 -94
-135 -93
-135 -92
-135 -91
-135 -90
-134 -108
-134 -107
-134 -106
-134 -105
-134 -104
-134 -103
-134 -102
-134 -101
-134 -100
-134 -99
-134 -98
-134 -97
-134 -96
-134 -95
-134 -94
-134 -93
-134 -92
-134 -91
-134 -90
-134 -89
-133 -108
-133 -107
-133 -106
-133 -105
-133 -104
-133 -103
-133 -102
-133 -101
-133 -100
-133 -99
-133 -98
-133 -97
-133 -96
-133 -95
-133 -94
-133 -93
-133 -92
-133 -91
-133 -90
-133 -89
-132 -107
-132 -106
-132 -105
-132 -104
-132 -103
-132 -102
-132 -101
-132 -100
-132 -99
-132 -98
-132 -97
-132 -96
-132 -95
-132 -94
-132 -93
-132 -92
-132 -91
-132 -90
-132 -89
-132 -88
-131 -107
-131 -106
-131 -105
-131 -104
-131 -103
-131 -102
-131 -101
-131 -100
-131 -99
-131 -98
-131 -97
-131 -96
-131 -95
-131 -94
-131 -93
-131 -92
-131 -91
-131 -90
-131 -89
-131 -88
-131 -87
-130 -106
-130 -105
-130 -104
-130 -103
-130 -102
-130 -101
-130 -100
-130 -99
-130 -98
-130 -97
-130 -96
-130 -95
-130 -94
-130 -93
-130 -92
-130 -91
-130 -90
-130 -89
-130 -88
-130 -87
-129 -106
-129 -105
-129 -104
-129 -103
-129 -102
-129 -101
-129 -100
-129 -99
-129 -98
-129 -97
-129 -96
-129 -95
-129 -94
-129 -93
-129 -92
-129 -91
-129 -90
-129 -89
-129 -88
-129 -87
-129 -86
-128 -105
-128 -104
-128 -103
-128 -102
-128 -101
-128 -100
-128 -99
-128 -98
-128 -97
-128 -96
-128 -95
-128 -94
-128 -93
-128 -92
-128 -91
-128 -90
-128 -89
-128 -88
-128 -87
-128 -86
-128 -85
-127 -105
-127 -104
-127 -103
-127 -102
-127 -101
-127 -100
-127 -99
-127 -98
-127 -97
-127 -96
-127 -95
-127 -94
-127 -93
-127 -92
-127 -91
-127 -90
-127 -89
-127 -88
-127 -87
-127 -86
-127 -85
-126 -104
-126 -103
-126 -102
-126 -101
-126 -100
-126 -99
-126 -98
-126 -97
-126 -96
-126 -95
-126 -94
-126 -93
-126 -92
-126 -91
-126 -90
-126 -89
-126 -88
-126 -87
-126 -86
-126 -85
-126 -84
-125 -104
-125 -103
-125 -102
-125 -101
-125 -100
-125 -99
-125 -98
-125 -97
-125 -96
-125 -95
-125 -94
-125 -93
-125 -92
-125 -91
-125 -90
-125 -89
-125 -88
-125 -87
-125 -86
-125 -85
-125 -84
-125 -83
-124 -103
-124 -102
-124 -101
-124 -100
-124 -99
-124 -98
-124 -97
-124 -96
-124 -95
-124 -94
-124 -93
-124 -92
-124 -91
-124 -90
-124 -89
-124 -88
-124 -87
-124 -86
-124 -85
-124 -84
-124 -83
-123 -103
-123 -102
-123 -101
-123 -100
-123 -99
-123 -98
-123 -97
-123 -96
-123 -95
-123 -94
-123 -93
-123 -92
-123 -91
-123 -90
-123 -89
-123 -88
-123 -87
-123 -86
-123 -85
-123 -84
-123 -83
-123 -82
-122 -102
-122 -101
-122 -100
-122 -99
-122 -98
-122 -97
-122 -96
-122 -95
-122 -94
-122 -93
-122 -92
-122 -91
-122 -90
-122 -89
-122 -88
-122 -87
-122 -86
-122 -85
-122 -84
-122 -83
-122 -82
-121 -102
-121 -101
-121 -100
-121 -99
-121 -98
-121 -97
-121 -96
-121 -95
-121 -94
-121 -93
-121 -92
-121 -91
-121 -90
-121 -89
-121 -88
-121 -87
-121 -86
-121 -85
-121 -84
-121 -83
-121 -82
-121 -81
-120 -101
-120 -100
-120 -99
-120 -98
-120 -97
-120 -96
-120 -95
-120 -94
-120 -93
-120 -92
-120 -91
-120 -90
-120 -89
-120 -88
-120 -87
-120 -86
-120 -85
-120 -84
-120 -83
-120 -82
-120 -81
-120 -80
-119 -101
-119 -100
-119 -99
-119 -98
-119 -97
-119 -96
-119 -95
-119 -94
-119 -93
-119 -92
-119 -91
-119 -90
-119 -89
-119 -88
-119 -87
-119 -86
-119 -85
-119 -84
-119 -83
-119 -82
-119 -81
-119 -80
-118 -100
-118 -99
-118 -98
-118 -97
-118 -96
-118 -95
-118 -94
-118 -93
-118 -92
-118 -91
-118 -90
-118 -89
-118 -88
-118 -87
-118 -86
-118 -85
-118 -84
-118 -83
-118 -82
-118 -81
-118 -80
-118 -79
-117 -100
-117 -99
-117 -98
-117 -97
-117 -96
-117 -95
-117 -94
-117 -93
-117 -92
-117 -91
-117 -90
-117 -89
-117 -88
-117 -87
-117 -86
-117 -85
-117 -84
-117 -83
-117 -82
-117 -81
-117 -80
-117 -79
-117 -78
-116 -99
-116 -98
-116 -97
-116 -96
-116 -95
-116 -94
-116 -93
-116 -92
-116 -91
-116 -90
-116 -89
-116 -88
-116 -87
-116 -86
-116 -85
-116 -84
-116 -83
-116 -82
-116 -81
-116 -80
-116 -79
-116 -78
-115 -99
-115 -98
-115 -97
-115 -96
-115 -95
-115 -94
-115 -93
-115 -92
-115 -91
-115 -90
-115 -89
-115 -88
-115 -87
-115 -86
-115 -85
-115 -84
-115 -83
-115 -82
-115 -81
-115 -80
-115 -79
-115 -78
-115 -77
-114 -98
-114 -97
-114 -96
-114 -95
-114 -94
-114 -93
-114 -92
-114 -91
-114 -90
-114 -89
-114 -88
-114 -87
-114 -86
-114 -85
-114 -84
-114 -83
-114 -82
-114 -81
-114 -80
-114 -79
-114 -78
-114 -77
-114 -76
-113 -98
-113 -97
-113 -96
-113 -95
-113 -94
-113 -93
-113 -92
-113 -91
-113 -90
-113 -89
-113 -88
-113 -87
-113 -86
-113 -85
-113 -84
-113 -83
-113 -82
-113 -81
-113 -80
-113 -79
-113 -78
-113 -77
-113 -76
-112 -97
-112 -96
-112 -95
-112 -94
-112 -93
-112 -92
-112 -91
-112 -90
-112 -89
-112 -88
-112 -87
-112 -86
-112 -85
-112 -84
-112 -83
-112 -82
-112 -81
-112 -80
-112 -79
-112 -78
-112 -77
-112 -76
-112 -75
-111 -97
-111 -96
-111 -95
-111 -94
-111 -93
-111 -92
-111 -91
-111 -90
-111 -89
-111 -88
-111 -87
-111 -86
-111 -85
-111 -84
-111 -83
-111 -82
-111 -81
-111 -80
-111 -79
-111 -78
-111 -77
-111 -76
-111 -75
-111 -74
-110 -96
-110 -95
-110 -94
-110 -93
-110 -92
-110 -91
-110 -90
-110 -89
-110 -88
-110 -87
-110 -86
-110 -85
-110 -84
-110 -83
-110 -82
-110 -81
-110 -80
-110 -79
-110 -78
-110 -77
-110 -76
-110 -75
-110 -74
-109 -96
-109 -95
-109 -94
-109 -93
-109 -92
-109 -91
-109 -90
-109 -89
-109 -88
-109 -87
-109 -86
-109 -85
-109 -84
-109 -83
-109 -82
-109 -81
-109 -80
-109 -79
-109 -78
-109 -77
-109 -76
-109 -75
-109 -74
-109 -73
-108 -95
-108 -94
-108 -93
-108 -92
-108 -91
-108 -90
-108 -89
-108 -88
-108 -87
-108 -86
-108 -85
-108 -84
-108 -83
-108 -82
-108 -81
-108 -80
-108 -79
-108 -78
-108 -77
-108 -76
-108 -75
-108 -74
-108 -73
-108 -72
-107 -95
-107 -94
-107 -93
-107 -92
-107 -91
-107 -90
-107 -89
-107 -88
-107 -87
-107 -86
-107 -85
-107 -84
-107 -83
-107 -82
-107 -81
-107 -80
-107 -79
-107 -78
-107 -77
-107 -76
-107 -75
-107 -74
-107 -73
-107 -72
-106 -94
-106 -93
-106 -92
-106 -91
-106 -90
-106 -89
-106 -88
-106 -87
-106 -86
-106 -85
-106 -84
-106 -83
-106 -82
-106 -81
-106 -80
-106 -79
-106 -78
-106 -77
-106 -76
-106 -75
-106 -74
-106 -73
-106 -72
-106 -71
-105 -94
-105 -93
-105 -92
-105 -91
-105 -90
-105 -89
-105 -88
-105 -87
-105 -86
-105 -85
-105 -84
-105 -83
-105 -82
-105 -81
-105 -80
-105 -79
-105 -78
-105 -77
-105 -76
-105 -75
-105 -74
-105 -73
-105 -72
-105 -71
-105 -70
-104 -93
-104 -92
-104 -91
-104 -90
-104 -89
-104 -88
-104 -87
-104 -86
-104 -85
-104 -84
-104 -83
-104 -82
-104 -81
-104 -80
-104 -79
-104 -78
-104 -77
-104 -76
-104 -75
-104 -74
-104 -73
-104 -72
-104 -71
-104 -70
-103 -93
-103 -92
-103 -91
-103 -90
-103 -89
-103 -88
-103 -87
-103 -86
-103 -85
-103 -84
-103 -83
-103 -82
-103 -81
-103 -80
-103 -79
-103 -78
-103 -77
-103 -76
-103 -75
-103 -74
-103 -73
-103 -72
-103 -71
-103 -70
-103 -69
-102 -92
-102 -91
-102 -90
-102 -89
-102 -88
-102 -87
-102 -86
-102 -85
-102 -84
-102 -83
-102 -82
-102 -81
-102 -80
-102 -79
-102 -78
-102 -77
-102 -76
-102 -75
-102 -74
-102 -73
-102 -72
-102 -71
-102 -70
-102 -69
-102 -68
-101 -92
-101 -91
-101 -90
-101 -89
-101 -88
-101 -87
-101 -86
-101 -85
-101 -84
-101 -83
-101 -82
-101 -81
-101 -80
-101 -79
-101 -78
-101 -77
-101 -76
-101 -75
-101 -74
-101 -73
-101 -72
-101 -71
-101 -70
-101 -69
-101 -68
-100 -91
-100 -90
-100 -89
-100 -88
-100 -87
-100 -86
-100 -85
-100 -84
-100 -83
-100 -82
-100 -81
-100 -80
-100 -79
-100 -78
-100 -77
-100 -76
-100 -75
-100 -74
-100 -73
-100 -72
-100 -71
-100 -70
-100 -69
-100 -68
-100 -67
-99 -91
-99 -90
-99 -89
-99 -88
-99 -87
-99 -86
-99 -85
-99 -84
-99 -83
-99 -82
-99 -81
-99 -80
-99 -79
-99 -78
-99 -77
-99 -76
-99 -75
-99 -74
-99 -73
-99 -72
-99 -71
-99 -70
-99 -69
-99 -68
-99 -67
-99 -66
-98 -90
-98 -89
-98 -88
-98 -87
-98 -86
-98 -85
-98 -84
-98 -83
-98 -82
-98 -81
-98 -80
-98 -79
-98 -78
-98 -77
-98 -76
-98 -75
-98 -74
-98 -73
-98 -72
-98 -71
-98 -70
-98 -69
-98 -68
-98 -67
-98 -66
-97 -90
-97 -89
-97 -88
-97 -87
-97 -86
-97 -85
-97 -84
-97 -83
-97 -82
-97 -81
-97 -80
-97 -79
-97 -78
-97 -77
-97 -76
-97 -75
-97 -74
-97 -73
-97 -72
-97 -71
-97 -70
-97 -69
-97 -68
-97 -67
-97 -66
-97 -65
-96 -89
-96 -88
-96 -87
-96 -86
-96 -85
-96 -84
-96 -83
-96 -82
-96 -81
-96 -80
-96 -79
-96 -78
-96 -77
-96 -76
-96 -75
-96 -74
-96 -73
-96 -72
-96 -71
-96 -70
-96 -69
-96 -68
-96 -67
-96 -66
-96 -65
-96 -64
-95 -89
-95 -88
-95 -87
-95 -86
-95 -85
-95 -84
-95 -83
-95 -82
-95 -81
-95 -80
-95 -79
-95 -78
-95 -77
-95 -76
-95 -75
-95 -74
-95 -73
-95 -72
-95 -71
-95 -70
-95 -69
-95 -68
-95 -67
-95 -66
-95 -65
-95 -64
-94 -88
-94 -87
-94 -86
-94 -85
-94 -84
-94 -83
-94 -82
-94 -81
-94 -80
-94 -79
-94 -78
-94 -77
-94 -76
-94 -75
-94 -74
-94 -73
-94 -72
-94 -71
-94 -70
-94 -69
-94 -68
-94 -67
-94 -66
-94 -65
-94 -64
-94 -63
-93 -88
-93 -87
-93 -86
-93 -85
-93 -84
-93 -83
-93 -82
-93 -81
-93 -80
-93 -79
-93 -78
-93 -77
-93 -76
-93 -75
-93 -74
-93 -73
-93 -72
-93 -71
-93 -70
-93 -69
-93 -68
-93 -67
-93 -66
-93 -65
-93 -64
-93 -63
-93 -62
-92 -87
-92 -86
-92 -85
-92 -84
-92 -83
-92 -82
-92 -81
-92 -80
-92 -79
-92 -78
-92 -77
-92 -76
-92 -75
-92 -74
-92 -73
-92 -72
-92 -71
-92 -70
-92 -69
-92 -68
-92 -67
-92 -66
-92 -65
-92 -64
-92 -63
-92 -62
-91 -87
-91 -86
-91 -85
-91 -84
-91 -83
-91 -82
-91 -81
-91 -80
-91 -79
-91 -78
-91 -77
-91 -76
-91 -75
-91 -74
-91 -73
-91 -72
-91 -71
-91 -70
-91 -69
-91 -68
-91 -67
-91 -66
-91 -65
-91 -64
-91 -63
-91 -62
-91 -61
-90 -86
-90 -85
-90 -84
-90 -83
-90 -82
-90 -81
-90 -80
-90 -79
-90 -78
-90 -77
-90 -76
-90 -75
-90 -74
-90 -73
-90 -72
-90 -71
-90 -70
-90 -69
-90 -68
-90 -67
-90 -66
-90 -65
-90 -64
-90 -63
-90 -62
-90 -61
-90 -60
-89 -86
-89 -85
-89 -84
-89 -83
-89 -82
-89 -81
-89 -80
-89 -79
-89 -78
-89 -77
-89 -76
-89 -75
-89 -74
-89 -73
-89 -72
-89 -71
-89 -70
-89 -69
-89 -68
-89 -67
-89 -66
-89 -65
-89 -64
-89 -63
-89 -62
-89 -61
-89 -60
-88 -85
-88 -84
-88 -83
-88 -82
-88 -81
-88 -80
-88 -79
-88 -78
-88 -77
-88 -76
-88 -75
-88 -74
-88 -73
-88 -72
-88 -71
-88 -70
-88 -69
-88 -68
-88 -67
-88 -66
-88 -65
-88 -64
-88 -63
-88 -62
-88 -61
-88 -60
-88 -59
-87 -85
-87 -84
-87 -83
-87 -82
-87 -81
-87 -80
-87 -79
-87 -78
-87 -77
-87 -76
-87 -75
-87 -74
-87 -73
-87 -72
-87 -71
-87 -70
-87 -69
-87 -68
-87 -67
-87 -66
-87 -65
-87 -64
-87 -63
-87 -62
-87 -61
-87 -60
-87 -59
-87 -58
-86 -84
-86 -83
-86 -82
-86 -81
-86 -80
-86 -79
-86 -78
-86 -77
-86 -76
-86 -75
-86 -74
-86 -73
-86 -72
-86 -71
-86 -70
-86 -69
-86 -68
-86 -67
-86 -66
-86 -65
-86 -64
-86 -63
-86 -62
-86 -61
-86 -60
-86 -59
-86 -58
-85 -84
-85 -83
-85 -82
-85 -81
-85 -80
-85 -79
-85 -78
-85 -77
-85 -76
-85 -75
-85 -74
-85 -73
-85 -72
-85 -71
-85 -70
-85 -69
-85 -68
-85 -67
-85 -66
-85 -65
-85 -64
-85 -63
-85 -62
-85 -61
-85 -60
-85 -59
-85 -58
-85 -57
-84 -83
-84 -82
-84 -81
-84 -80
-84 -79
-84 -78
-84 -77
-84 -76
-84 -75
-84 -74
-84 -73
-84 -72
-84 -71
-84 -70
-84 -69
-84 -68
-84 -67
-84 -66
-84 -65
-84 -64
-84 -63
-84 -62
-84 -61
-84 -60
-84 -59
-84 -58
-84 -57
-84 -56
-83 -83
-83 -82
-83 -81
-83 -80
-83 -79
-83 -78
-83 -77
-83 -76
-83 -75
-83 -74
-83 -73
-83 -72
-83 -71
-83 -70
-83 -69
-83 -68
-83 -67
-83 -66
-83 -65
-83 -64
-83 -63
-83 -62
-83 -61
-83 -60
-83 -59
-83 -58
-83 -57
-83 -56
-82 -83
-82 -82
-82 -81
-82 -80
-82 -79
-82 -78
-82 -77
-82 -76
-82 -75
-82 -74
-82 -73
-82 -72
-82 -71
-82 -70
-82 -69
-82 -68
-82 -67
-82 -66
-82 -65
-82 -64
-82 -63
-82 -62
-82 -61
-82 -60
-82 -59
-82 -58
-82 -57
-82 -56
-82 -55
-81 -82
-81 -81
-81 -80
-81 -79
-81 -78
-81 -77
-81 -76
-81 -75
-81 -74
-81 -73
-81 -72
-81 -71
-81 -70
-81 -69
-81 -68
-81 -67
-81 -66
-81 -65
-81 -64
-81 -63
-81 -62
-81 -61
-81 -60
-81 -59
-81 -58
-81 -57
-81 -56
-81 -55
-81 -54
-80 -82
-80 -81
-80 -80
-80 -79
-80 -78
-80 -77
-80 -76
-80 -75
-80 -74
-80 -73
-80 -72
-80 -71
-80 -70
-80 -69
-80 -68
-80 -67
-80 -66
-80 -65
-80 -64
-80 -63
-80 -62
-80 -61
-80 -60
-80 -59
-80 -58
-80 -57
-80 -56
-80 -55
-80 -54
-79 -81
-79 -80
-79 -79
-79 -78
-79 -77
-79 -76
-79 -75
-79 -74
-79 -73
-79 -72
-79 -71
-79 -70
-79 -69
-79 -68
-79 -67
-79 -66
-79 -65
-79 -64
-79 -63
-79 -62
-79 -61
-79 -60
-79 -59
-79 -58
-79 -57
-79 -56
-79 -55
-79 -54
-79 -53
-78 -81
-78 -80
-78 -79
-78 -78
-78 -77
-78 -76
-78 -75
-78 -74
-78 -73
-78 -72
-78 -71
-78 -70
-78 -69
-78 -68
-78 -67
-78 -66
-78 -65
-78 -64
-78 -63
-78 -62
-78 -61
-78 -60
-78 -59
-78 -58
-78 -57
-78 -56
-78 -55
-78 -54
-78 -53
-78 -52
-77 -80
-77 -79
-77 -78
-77 -77
-77 -76
-77 -75
-77 -74
-77 -73
-77 -72
-77 -71
-77 -70
-77 -69
-77 -68
-77 -67
-77 -66
-77 -65
-77 -64
-77 -63
-77 -62
-77 -61
-77 -60
-77 -59
-77 -58
-77 -57
-77 -56
-77 -55
-77 -54
-77 -53
-77 -52
-76 -80
-76 -79
-76 -78
-76 -77
-76 -76
-76 -75
-76 -74
-76 -73
-76 -72
-76 -71
-76 -70
-76 -69
-76 -68
-76 -67
-76 -66
-76 -65
-76 -64
-76 -63
-76 -62
-76 -61
-76 -60
-76 -59
-76 -58
-76 -57
-76 -56
-76 -55
-76 -54
-76 -53
-76 -52
-76 -51
-75 -79
-75 -78
-75 -77
-75 -76
-75 -75
-75 -74
-75 -73
-75 -72
-75 -71
-75 -70
-75 -69
-75 -68
-75 -67
-75 -66
-75 -65
-75 -64
-75 -63
-75 -62
-75 -61
-75 -60
-75 -59
-75 -58
-75 -57
-75 -56
-75 -55
-75 -54
-75 -53
-75 -52
-75 -51
-75 -50
-74 -79
-74 -78
-74 -77
-74 -76
-74 -75
-74 -74
-74 -73
-74 -72
-74 -71
-74 -70
-74 -69
-74 -68
-74 -67
-74 -66
-74 -65
-74 -64
-74 -63
-74 -62
-74 -61
-74 -60
-74 -59
-74 -58
-74 -57
-74 -56
-74 -55
-74 -54
-74 -53
-74 -52
-74 -51
-74 -50
-73 -78
-73 -77
-73 -76
-73 -75
-73 -74
-73 -73
-73 -72
-73 -71
-73 -70
-73 -69
-73 -68
-73 -67
-73 -66
-73 -65
-73 -64
-73 -63
-73 -62
-73 -61
-73 -60
-73 -59
-73 -58
-73 -57
-73 -56
-73 -55
-73 -54
-73 -53
-73 -52
-73 -51
-73 -50
-73 -49
-72 -78
-72 -77
-72 -76
-72 -75
-72 -74
-72 -73
-72 -72
-72 -71
-72 -70
-72 -69
-72 -68
-72 -67
-72 -66
-72 -65
-72 -64
-72 -63
-72 -62
-72 -61
-72 -60
-72 -59
-72 -58
-72 -57
-72 -56
-72 -55
-72 -54
-72 -53
-72 -52
-72 -51
-72 -50
-72 -49
-72 -48
-71 -77
-71 -76
-71 -75
-71 -74
-71 -73
-71 -72
-71 -71
-71 -70
-71 -69
-71 -68
-71 -67
-71 -66
-71 -65
-71 -64
-71 -63
-71 -62
-71 -61
-71 -60
-71 -59
-71 -58
-71 -57
-71 -56
-71 -55
-71 -54
-71 -53
-71 -52
-71 -51
-71 -50
-71 -49
-71 -48
-70 -77
-70 -76
-70 -75
-70 -74
-70 -73
-70 -72
-70 -71
-70 -70
-70 -69
-70 -68
-70 -67
-70 -66
-70 -65
-70 -64
-70 -63
-70 -62
-70 -61
-70 -60
-70 -59
-70 -58
-70 -57
-70 -56
-70 -55
-70 -54
-70 -53
-70 -52
-70 -51
-70 -50
-70 -49
-70 -48
-70 -47
-69 -76
-69 -75
-69 -74
-69 -73
-69 -72
-69 -71
-69 -70
-69 -69
-69 -68
-69 -67
-69 -66
-69 -65
-69 -64
-69 -63
-69 -62
-69 -61
-69 -60
-69 -59
-69 -58
-69 -57
-69 -56
-69 -55
-69 -54
-69 -53
-69 -52
-69 -51
-69 -50
-69 -49
-69 -48
-69 -47
-69 -46
-68 -76
-68 -75
-68 -74
-68 -73
-68 -72
-68 -71
-68 -70
-68 -69
-68 -68
-68 -67
-68 -66
-68 -65
-68 -64
-68 -63
-68 -62
-68 -61
-68 -60
-68 -59
-68 -58
-68 -57
-68 -56
-68 -55
-68 -54
-68 -53
-68 -52
-68 -51
-68 -50
-68 -49
-68 -48
-68 -47
-68 -46
-67 -75
-67 -74
-67 -73
-67 -72
-67 -71
-67 -70
-67 -69
-67 -68
-67 -67
-67 -66
-67 -65
-67 -64
-67 -63
-67 -62
-67 -61
-67 -60
-67 -59
-67 -58
-67 -57
-67 -56
-67 -55
-67 -54
-67 -53
-67 -52
-67 -51
-67 -50
-67 -49
-67 -48
-67 -47
-67 -46
-67 -45
-66 -75
-66 -74
-66 -73
-66 -72
-66 -71
-66 -70
-66 -69
-66 -68
-66 -67
-66 -66
-66 -65
-66 -64
-66 -63
-66 -62
-66 -61
-66 -60
-66 -59
-66 -58
-66 -57
-66 -56
-66 -55
-66 -54
-66 -53
-66 -52
-66 -51
-66 -50
-66 -49
-66 -48
-66 -47
-66 -46
-66 -45
-66 -44
-65 -74
-65 -73
-65 -72
-65 -71
-65 -70
-65 -69
-65 -68
-65 -67
-65 -66
-65 -65
-65 -64
-65 -63
-65 -62
-65 -61
-65 -60
-65 -59
-65 -58
-65 -57
-65 -56
-65 -55
-65 -54
-65 -53
-65 -52
-65 -51
-65 -50
-65 -49
-65 -48
-65 -47
-65 -46
-65 -45
-65 -44
-64 -74
-64 -73
-64 -72
-64 -71
-64 -70
-64 -69
-64 -68
-64 -67
-64 -66
-64 -65
-64 -64
-64 -63
-64 -62
-64 -61
-64 -60
-64 -59
-64 -58
-64 -57
-64 -56
-64 -55
-64 -54
-64 -53
-64 -52
-64 -51
-64 -50
-64 -49
-64 -48
-64 -47
-64 -46
-64 -45
-64 -44
-64 -43
-63 -73
-63 -72
-63 -71
-63 -70
-63 -69
-63 -68
-63 -67
-63 -66
-63 -65
-63 -64
-63 -63
-63 -62
-63 -61
-63 -60
-63 -59
-63 -58
-63 -57
-63 -56
-63 -55
-63 -54
-63 -53
-63 -52
-63 -51
-63 -50
-63 -49
-63 -48
-63 -47
-63 -46
-63 -45
-63 -44
-63 -43
-63 -42
-62 -73
-62 -72
-62 -71
-62 -70
-62 -69
-62 -68
-62 -67
-62 -66
-62 -65
-62 -64
-62 -63
-62 -62
-62 -61
-62 -60
-62 -59
-62 -58
-62 -57
-62 -56
-62 -55
-62 -54
-62 -53
-62 -52
-62 -51
-62 -50
-62 -49
-62 -48
-62 -47
-62 -46
-62 -45
-62 -44
-62 -43
-62 -42
-61 -72
-61 -71
-61 -70
-61 -69
-61 -68
-61 -67
-61 -66
-61 -65
-61 -64
-61 -63
-61 -62
-61 -61
-61 -60
-61 -59
-61 -58
-61 -57
-61 -56
-61 -55
-61 -54
-61 -53
-61 -52
-61 -51
-61 -50
-61 -49
-61 -48
-61 -47
-61 -46
-61 -45
-61 -44
-61 -43
-61 -42
-61 -41
-60 -72
-60 -71
-60 -70
-60 -69
-60 -68
-60 -67
-60 -66
-60 -65
-60 -64
-60 -63
-60 -62
-60 -61
-60 -60
-60 -59
-60 -58
-60 -57
-60 -56
-60 -55
-60 -54
-60 -53
-60 -52
-60 -51
-60 -50
-60 -49
-60 -48
-60 -47
-60 -46
-60 -45
-60 -44
-60 -43
-60 -42
-60 -41
-60 -40
-59 -71
-59 -70
-59 -69
-59 -68
-59 -67
-59 -66
-59 -65
-59 -64
-59 -63
-59 -62
-59 -61
-59 -60
-59 -59
-59 -58
-59 -57
-59 -56
-59 -55
-59 -54
-59 -53
-59 -52
-59 -51
-59 -50
-59 -49
-59 -48
-59 -47
-59 -46
-59 -45
-59 -44
-59 -43
-59 -42
-59 -41
-59 -40
-58 -71
-58 -70
-58 -69
-58 -68
-58 -67
-58 -66
-58 -65
-58 -64
-58 -63
-58 -62
-58 -61
-58 -60
-58 -59
-58 -58
-58 -57
-58 -56
-58 -55
-58 -54
-58 -53
-58 -52
-58 -51
-58 -50
-58 -49
-58 -48
-58 -47
-58 -46
-58 -45
-58 -44
-58 -43
-58 -42
-58 -41
-58 -40
-58 -39
-57 -70
-57 -69
-57 -68
-57 -67
-57 -66
-57 -65
-57 -64
-57 -63
-57 -62
-57 -61
-57 -60
-57 -59
-57 -58
-57 -57
-57 -56
-57 -55
-57 -54
-57 -53
-57 -52
-57 -51
-57 -50
-57 -49
-57 -48
-57 -47
-57 -46
-57 -45
-57 -44
-57 -43
-57 -42
-57 -41
-57 -40
-57 -39
-57 -38
-56 -70
-56 -69
-56 -68
-56 -67
-56 -66
-56 -65
-56 -64
-56 -63
-56 -62
-56 -61
-56 -60
-56 -59
-56 -58
-56 -57
-56 -56
-56 -55
-56 -54
-56 -53
-56 -52
-56 -51
-56 -50
-56 -49
-56 -48
-56 -47
-56 -46
-56 -45
-56 -44
-56 -43
-56 -42
-56 -41
-56 -40
-56 -39
-56 -38
-55 -69
-55 -68
-55 -67
-55 -66
-55 -65
-55 -64
-55 -63
-55 -62
-55 -61
-55 -60
-55 -59
-55 -58
-55 -57
-55 -56
-55 -55
-55 -54
-55 -53
-55 -52
-55 -51
-55 -50
-55 -49
-55 -48
-55 -47
-55 -46
-55 -45
-55 -44
-55 -43
-55 -42
-55 -41
-55 -40
-55 -39
-55 -38
-55 -37
-54 -69
-54 -68
-54 -67
-54 -66
-54 -65
-54 -64
-54 -63
-54 -62
-54 -61
-54 -60
-54 -59
-54 -58
-54 -57
-54 -56
-54 -55
-54 -54
-54 -53
-54 -52
-54 -51
-54 -50
-54 -49
-54 -48
-54 -47
-54 -46
-54 -45
-54 -44
-54 -43
-54 -42
-54 -41
-54 -40
-54 -39
-54 -38
-54 -37
-54 -36
-53 -68
-53 -67
-53 -66
-53 -65
-53 -64
-53 -63
-53 -62
-53 -61
-53 -60
-53 -59
-53 -58
-53 -57
-53 -56
-53 -55
-53 -54
-53 -53
-53 -52
-53 -51
-53 -50
-53 -49
-53 -48
-53 -47
-53 -46
-53 -45
-53 -44
-53 -43
-53 -42
-53 -41
-53 -40
-53 -39
-53 -38
-53 -37
-53 -36
-52 -68
-52 -67
-52 -66
-52 -65
-52 -64
-52 -63
-52 -62
-52 -61
-52 -60
-52 -59
-52 -58
-52 -57
-52 -56
-52 -55
-52 -54
-52 -53
-52 -52
-52 -51
-52 -50
-52 -49
-52 -48
-52 -47
-52 -46
-52 -45
-52 -44
-52 -43
-52 -42
-52 -41
-52 -40
-52 -39
-52 -38
-52 -37
-52 -36
-52 -35
-51 -67
-51 -66
-51 -65
-51 -64
-51 -63
-51 -62
-51 -61
-51 -60
-51 -59
-51 -58
-51 -57
-51 -56
-51 -55
-51 -54
-51 -53
-51 -52
-51 -51
-51 -50
-51 -49
-51 -48
-51 -47
-51 -46
-51 -45
-51 -44
-51 -43
-51 -42
-51 -41
-51 -40
-51 -39
-51 -38
-51 -37
-51 -36
-51 -35
-51 -34
-50 -67
-50 -66
-50 -65
-50 -64
-50 -63
-50 -62
-50 -61
-50 -60
-50 -59
-50 -58
-50 -57
-50 -56
-50 -55
-50 -54
-50 -53
-50 -52
-50 -51
-50 -50
-50 -49
-50 -48
-50 -47
-50 -46
-50 -45
-50 -44
-50 -43
-50 -42
-50 -41
-50 -40
-50 -39
-50 -38
-50 -37
-50 -36
-50 -35
-50 -34
-49 -66
-49 -65
-49 -64
-49 -63
-49 -62
-49 -61
-49 -60
-49 -59
-49 -58
-49 -57
-49 -56
-49 -55
-49 -54
-49 -53
-49 -52
-49 -51
-49 -50
-49 -49
-49 -48
-49 -47
-49 -46
-49 -45
-49 -44
-49 -43
-49 -42
-49 -41
-49 -40
-49 -39
-49 -38
-49 -37
-49 -36
-49 -35
-49 -34
-49 -33
-48 -66
-48 -65
-48 -64
-48 -63
-48 -62
-48 -61
-48 -60
-48 -59
-48 -58
-48 -57
-48 -56
-48 -55
-48 -54
-48 -53
-48 -52
-48 -51
-48 -50
-48 -49
-48 -48
-48 -47
-48 -46
-48 -45
-48 -44
-48 -43
-48 -42
-48 -41
-48 -40
-48 -39
-48 -38
-48 -37
-48 -36
-48 -35
-48 -34
-48 -33
-48 -32
-47 -65
-47 -64
-47 -63
-47 -62
-47 -61
-47 -60
-47 -59
-47 -58
-47 -57
-47 -56
-47 -55
-47 -54
-47 -53
-47 -52
-47 -51
-47 -50
-47 -49
-47 -48
-47 -47
-47 -46
-47 -45
-47 -44
-47 -43
-47 -42
-47 -41
-47 -40
-47 -39
-47 -38
-47 -37
-47 -36
-47 -35
-47 -34
-47 -33
-47 -32
-46 -65
-46 -64
-46 -63
-46 -62
-46 -61
-46 -60
-46 -59
-46 -58
-46 -57
-46 -56
-46 -55
-46 -54
-46 -53
-46 -52
-46 -51
-46 -50
-46 -49
-46 -48
-46 -47
-46 -46
-46 -45
-46 -44
-46 -43
-46 -42
-46 -41
-46 -40
-46 -39
-46 -38
-46 -37
-46 -36
-46 -35
-46 -34
-46 -33
-46 -32
-46 -31
-45 -64
-45 -63
-45 -62
-45 -61
-45 -60
-45 -59
-45 -58
-45 -57
-45 -56
-45 -55
-45 -54
-45 -53
-45 -52
-45 -51
-45 -50
-45 -49
-45 -48
-45 -47
-45 -46
-45 -45
-45 -44
-45 -43
-45 -42
-45 -41
-45 -40
-45 -39
-45 -38
-45 -37
-45 -36
-45 -35
-45 -34
-45 -33
-45 -32
-45 -31
-45 -30
-44 -64
-44 -63
-44 -62
-44 -61
-44 -60
-44 -59
-44 -58
-44 -57
-44 -56
-44 -55
-44 -54
-44 -53
-44 -52
-44 -51
-44 -50
-44 -49
-44 -48
-44 -47
-44 -46
-44 -45
-44 -44
-44 -43
-44 -42
-44 -41
-44 -40
-44 -39
-44 -38
-44 -37
-44 -36
-44 -35
-44 -34
-44 -33
-44 -32
-44 -31
-44 -30
-43 -63
-43 -62
-43 -61
-43 -60
-43 -59
-43 -58
-43 -57
-43 -56
-43 -55
-43 -54
-43 -53
-43 -52
-43 -51
-43 -50
-43 -49
-43 -48
-43 -47
-43 -46
-43 -45
-43 -44
-43 -43
-43 -42
-43 -41
-43 -40
-43 -39
-43 -38
-43 -37
-43 -36
-43 -35
-43 -34
-43 -33
-43 -32
-43 -31
-43 -30
-43 -29
-42 -63
-42 -62
-42 -61
-42 -60
-42 -59
-42 -58
-42 -57
-42 -56
-42 -55
-42 -54
-42 -53
-42 -52
-42 -51
-42 -50
-42 -49
-42 -48
-42 -47
-42 -46
-42 -45
-42 -44
-42 -43
-42 -42
-42 -41
-42 -40
-42 -39
-42 -38
-42 -37
-42 -36
-42 -35
-42 -34
-42 -33
-42 -32
-42 -31
-42 -30
-42 -29
-42 -28
-41 -62
-41 -61
-41 -60
-41 -59
-41 -58
-41 -57
-41 -56
-41 -55
-41 -54
-41 -53
-41 -52
-41 -51
-41 -50
-41 -49
-41 -48
-41 -47
-41 -46
-41 -45
-41 -44
-41 -43
-41 -42
-41 -41
-41 -40
-41 -39
-41 -38
-41 -37
-41 -36
-41 -35
-41 -34
-41 -33
-41 -32
-41 -31
-41 -30
-41 -29
-41 -28
-40 -62
-40 -61
-40 -60
-40 -59
-40 -58
-40 -57
-40 -56
-40 -55
-40 -54
-40 -53
-40 -52
-40 -51
-40 -50
-40 -49
-40 -48
-40 -47
-40 -46
-40 -45
-40 -44
-40 -43
-40 -42
-40 -41
-40 -40
-40 -39
-40 -38
-40 -37
-40 -36
-40 -35
-40 -34
-40 -33
-40 -32
-40 -31
-40 -30
-40 -29
-40 -28
-40 -27
-39 -61
-39 -60
-39 -59
-39 -58
-39 -57
-39 -56
-39 -55
-39 -54
-39 -53
-39 -52
-39 -51
-39 -50
-39 -49
-39 -48
-39 -47
-39 -46
-39 -45
-39 -44
-39 -43
-39 -42
-39 -41
-39 -40
-39 -39
-39 -38
-39 -37
-39 -36
-39 -35
-39 -34
-39 -33
-39 -32
-39 -31
-39 -30
-39 -29
-39 -28
-39 -27
-39 -26
-38 -61
-38 -60
-38 -59
-38 -58
-38 -57
-38 -56
-38 -55
-38 -54
-38 -53
-38 -52
-38 -51
-38 -50
-38 -49
-38 -48
-38 -47
-38 -46
-38 -45
-38 -44
-38 -43
-38 -42
-38 -41
-38 -40
-38 -39
-38 -38
-38 -37
-38 -36
-38 -35
-38 -34
-38 -33
-38 -32
-38 -31
-38 -30
-38 -29
-38 -28
-38 -27
-38 -26
-37 -60
-37 -59
-37 -58
-37 -57
-37 -56
-37 -55
-37 -54
-37 -53
-37 -52
-37 -51
-37 -50
-37 -49
-37 -48
-37 -47
-37 -46
-37 -45
-37 -44
-37 -43
-37 -42
-37 -41
-37 -40
-37 -39
-37 -38
-37 -37
-37 -36
-37 -35
-37 -34
-37 -33
-37 -32
-37 -31
-37 -30
-37 -29
-37 -28
-37 -27
-37 -26
-37 -25
-36 -60
-36 -59
-36 -58
-36 -57
-36 -56
-36 -55
-36 -54
-36 -53
-36 -52
-36 -51
-36 -50
-36 -49
-36 -48
-36 -47
-36 -46
-36 -45
-36 -44
-36 -43
-36 -42
-36 -41
-36 -40
-36 -39
-36 -38
-36 -37
-36 -36
-36 -35
-36 -34
-36 -33
-36 -32
-36 -31
-36 -30
-36 -29
-36 -28
-36 -27
-36 -26
-36 -25
-36 -24
-35 -59
-35 -58
-35 -57
-35 -56
-35 -55
-35 -54
-35 -53
-35 -52
-35 -51
-35 -50
-35 -49
-35 -48
-35 -47
-35 -46
-35 -45
-35 -44
-35 -43
-35 -42
-35 -41
-35 -40
-35 -39
-35 -38
-35 -37
-35 -36
-35 -35
-35 -34
-35 -33
-35 -32
-35 -31
-35 -30
-35 -29
-35 -28
-35 -27
-35 -26
-35 -25
-35 -24
-34 -59
-34 -58
-34 -57
-34 -56
-34 -55
-34 -54
-34 -53
-34 -52
-34 -51
-34 -50
-34 -49
-34 -48
-34 -47
-34 -46
-34 -45
-34 -44
-34 -43
-34 -42
-34 -41
-34 -40
-34 -39
-34 -38
-34 -37
-34 -36
-34 -35
-34 -34
-34 -33
-34 -32
-34 -31
-34 -30
-34 -29
-34 -28
-34 -27
-34 -26
-34 -25
-34 -24
-34 -23
-33 -58
-33 -57
-33 -56
-33 -55
-33 -54
-33 -53
-33 -52
-33 -51
-33 -50
-33 -49
-33 -48
-33 -47
-33 -46
-33 -45
-33 -44
-33 -43
-33 -42
-33 -41
-33 -40
-33 -39
-33 -38
-33 -37
-33 -36
-33 -35
-33 -34
-33 -33
-33 -32
-33 -31
-33 -30
-33 -29
-33 -28
-33 -27
-33 -26
-33 -25
-33 -24
-33 -23
-33 -22
-32 -58
-32 -57
-32 -56
-32 -55
-32 -54
-32 -53
-32 -52
-32 -51
-32 -50
-32 -49
-32 -48
-32 -47
-32 -46
-32 -45
-32 -44
-32 -43
-32 -42
-32 -41
-32 -40
-32 -39
-32 -38
-32 -37
-32 -36
-32 -35
-32 -34
-32 -33
-32 -32
-32 -31
-32 -30
-32 -29
-32 -28
-32 -27
-32 -26
-32 -25
-32 -24
-32 -23
-32 -22
-31 -57
-31 -56
-31 -55
-31 -54
-31 -53
-31 -52
-31 -51
-31 -50
-31 -49
-31 -48
-31 -47
-31 -46
-31 -45
-31 -44
-31 -43
-31 -42
-31 -41
-31 -40
-31 -39
-31 -38
-31 -37
-31 -36
-31 -35
-31 -34
-31 -33
-31 -32
-31 -31
-31 -30
-31 -29
-31 -28
-31 -27
-31 -26
-31 -25
-31 -24
-31 -23
-31 -22
-31 -21
-30 -57
-30 -56
-30 -55
-30 -54
-30 -53
-30 -52
-30 -51
-30 -50
-30 -49
-30 -48
-30 -47
-30 -46
-30 -45
-30 -44
-30 -43
-30 -42
-30 -41
-30 -40
-30 -39
-30 -38
-30 -37
-30 -36
-30 -35
-30 -34
-30 -33
-30 -32
-30 -31
-30 -30
-30 -29
-30 -28
-30 -27
-30 -26
-30 -25
-30 -24
-30 -23
-30 -22
-30 -21
-30 -20
-29 -56
-29 -55
-29 -54
-29 -53
-29 -52
-29 -51
-29 -50
-29 -49
-29 -48
-29 -47
-29 -46
-29 -45
-29 -44
-29 -43
-29 -42
-29 -41
-29 -40
-29 -39
-29 -38
-29 -37
-29 -36
-29 -35
-29 -34
-29 -33
-29 -32
-29 -31
-29 -30
-29 -29
-29 -28
-29 -27
-29 -26
-29 -25
-29 -24
-29 -23
-29 -22
-29 -21
-29 -20
-28 -56
-28 -55
-28 -54
-28 -53
-28 -52
-28 -51
-28 -50
-28 -49
-28 -48
-28 -47
-28 -46
-28 -45
-28 -44
-28 -43
-28 -42
-28 -41
-28 -40
-28 -39
-28 -38
-28 -37
-28 -36
-28 -35
-28 -34
-28 -33
-28 -32
-28 -31
-28 -30
-28 -29
-28 -28
-28 -27
-28 -26
-28 -25
-28 -24
-28 -23
-28 -22
-28 -21
-28 -20
-28 -19
-27 -55
-27 -54
-27 -53
-27 -52
-27 -51
-27 -50
-27 -49
-27 -48
-27 -47
-27 -46
-27 -45
-27 -44
-27 -43
-27 -42
-27 -41
-27 -40
-27 -39
-27 -38
-27 -37
-27 -36
-27 -35
-27 -34
-27 -33
-27 -32
-27 -31
-27 -30
-27 -29
-27 -28
-27 -27
-27 -26
-27 -25
-27 -24
-27 -23
-27 -22
-27 -21
-27 -20
-27 -19
-27 -18
-26 -55
-26 -54
-26 -53
-26 -52
-26 -51
-26 -50
-26 -49
-26 -48
-26 -47
-26 -46
-26 -45
-26 -44
-26 -43
-26 -42
-26 -41
-26 -40
-26 -39
-26 -38
-26 -37
-26 -36
-26 -35
-26 -34
-26 -33
-26 -32
-26 -31
-26 -30
-26 -29
-26 -28
-26 -27
-26 -26
-26 -25
-26 -24
-26 -23
-26 -22
-26 -21
-26 -20
-26 -19
-26 -18
-25 -54
-25 -53
-25 -52
-25 -51
-25 -50
-25 -49
-25 -48
-25 -47
-25 -46
-25 -45
-25 -44
-25 -43
-25 -42
-25 -41
-25 -40
-25 -39
-25 -38
-25 -37
-25 -36
-25 -35
-25 -34
-25 -33
-25 -32
-25 -31
-25 -30
-25 -29
-25 -28
-25 -27
-25 -26
-25 -25
-25 -24
-25 -23
-25 -22
-25 -21
-25 -20
-25 -19
-25 -18
-25 -17
-24 -54
-24 -53
-24 -52
-24 -51
-24 -50
-24 -49
-24 -48
-24 -47
-24 -46
-24 -45
-24 -44
-24 -43
-24 -42
-24 -41
-24 -40
-24 -39
-24 -38
-24 -37
-24 -36
-24 -35
-24 -34
-24 -33
-24 -32
-24 -31
-24 -30
-24 -29
-24 -28
-24 -27
-24 -26
-24 -25
-24 -24
-24 -23
-24 -22
-24 -21
-24 -20
-24 -19
-24 -18
-24 -17
-24 -16
-23 -53
-23 -52
-23 -51
-23 -50
-23 -49
-23 -48
-23 -47
-23 -46
-23 -45
-23 -44
-23 -43
-23 -42
-23 -41
-23 -40
-23 -39
-23 -38
-23 -37
-23 -36
-23 -35
-23 -34
-23 -33
-23 -32
-23 -31
-23 -30
-23 -29
-23 -28
-23 -27
-23 -26
-23 -25
-23 -24
-23 -23
-23 -22
-23 -21
-23 -20
-23 -19
-23 -18
-23 -17
-23 -16
-22 -53
-22 -52
-22 -51
-22 -50
-22 -49
-22 -48
-22 -47
-22 -46
-22 -45
-22 -44
-22 -43
-22 -42
-22 -41
-22 -40
-22 -39
-22 -38
-22 -37
-22 -36
-22 -35
-22 -34
-22 -33
-22 -32
-22 -31
-22 -30
-22 -29
-22 -28
-22 -27
-22 -26
-22 -25
-22 -24
-22 -23
-22 -22
-22 -21
-22 -20
-22 -19
-22 -18
-22 -17
-22 -16
-22 -15
-21 -52
-21 -51
-21 -50
-21 -49
-21 -48
-21 -47
-21 -46
-21 -45
-21 -44
-21 -43
-21 -42
-21 -41
-21 -40
-21 -39
-21 -38
-21 -37
-21 -36
-21 -35
-21 -34
-21 -33
-21 -32
-21 -31
-21 -30
-21 -29
-21 -28
-21 -27
-21 -26
-21 -25
-21 -24
-21 -23
-21 -22
-21 -21
-21 -20
-21 -19
-21 -18
-21 -17
-21 -16
-21 -15
-21 -14
-20 -52
-20 -51
-20 -50
-20 -49
-20 -48
-20 -47
-20 -46
-20 -45
-20 -44
-20 -43
-20 -42
-20 -41
-20 -40
-20 -39
-20 -38
-20 -37
-20 -36
-20 -35
-20 -34
-20 -33
-20 -32
-20 -31
-20 -30
-20 -29
-20 -28
-20 -27
-20 -26
-20 -25
-20 -24
-20 -23
-20 -22
-20 -21
-20 -20
-20 -19
-20 -18
-20 -17
-20 -16
-20 -15
-20 -14
-19 -51
-19 -50
-19 -49
-19 -48
-19 -47
-19 -46
-19 -45
-19 -44
-19 -43
-19 -42
-19 -41
-19 -40
-19 -39
-19 -38
-19 -37
-19 -36
-19 -35
-19 -34
-19 -33
-19 -32
-19 -31
-19 -30
-19 -29
-19 -28
-19 -27
-19 -26
-19 -25
-19 -24
-19 -23
-19 -22
-19 -21
-19 -20
-19 -19
-19 -18
-19 -17
-19 -16
-19 -15
-19 -14
-19 -13
-18 -51
-18 -50
-18 -49
-18 -48
-18 -47
-18 -46
-18 -45
-18 -44
-18 -43
-18 -42
-18 -41
-18 -40
-18 -39
-18 -38
-18 -37
-18 -36
-18 -35
-18 -34
-18 -33
-18 -32
-18 -31
-18 -30
-18 -29
-18 -28
-18 -27
-18 -26
-18 -25
-18 -24
-18 -23
-18 -22
-18 -21
-18 -20
-18 -19
-18 -18
-18 -17
-18 -16
-18 -15
-18 -14
-18 -13
-18 -12
-17 -50
-17 -49
-17 -48
-17 -47
-17 -46
-17 -45
-17 -44
-17 -43
-17 -42
-17 -41
-17 -40
-17 -39
-17 -38
-17 -37
-17 -36
-17 -35
-17 -34
-17 -33
-17 -32
-17 -31
-17 -30
-17 -29
-17 -28
-17 -27
-17 -26
-17 -25
-17 -24
-17 -23
-17 -22
-17 -21
-17 -20
-17 -19
-17 -18
-17 -17
-17 -16
-17 -15
-17 -14
-17 -13
-17 -12
-16 -50
-16 -49
-16 -48
-16 -47
-16 -46
-16 -45
-16 -44
-16 -43
-16 -42
-16 -41
-16 -40
-16 -39
-16 -38
-16 -37
-16 -36
-16 -35
-16 -34
-16 -33
-16 -32
-16 -31
-16 -30
-16 -29
-16 -28
-16 -27
-16 -26
-16 -25
-16 -24
-16 -23
-16 -22
-16 -21
-16 -20
-16 -19
-16 -18
-16 -17
-16 -16
-16 -15
-16 -14
-16 -13
-16 -12
-16 -11
-15 -49
-15 -48
-15 -47
-15 -46
-15 -45
-15 -44
-15 -43
-15 -42
-15 -41
-15 -40
-15 -39
-15 -38
-15 -37
-15 -36
-15 -35
-15 -34
-15 -33
-15 -32
-15 -31
-15 -30
-15 -29
-15 -28
-15 -27
-15 -26
-15 -25
-15 -24
-15 -23
-15 -22
-15 -21
-15 -20
-15 -19
-15 -18
-15 -17
-15 -16
-15 -15
-15 -14
-15 -13
-15 -12
-15 -11
-15 -10
-14 -49
-14 -48
-14 -47
-14 -46
-14 -45
-14 -44
-14 -43
-14 -42
-14 -41
-14 -40
-14 -39
-14 -38
-14 -37
-14 -36
-14 -35
-14 -34
-14 -33
-14 -32
-14 -31
-14 -30
-14 -29
-14 -28
-14 -27
-14 -26
-14 -25
-14 -24
-14 -23
-14 -22
-14 -21
-14 -20
-14 -19
-14 -18
-14 -17
-14 -16
-14 -15
-14 -14
-14 -13
-14 -12
-14 -11
-14 -10
-13 -48
-13 -47
-13 -46
-13 -45
-13 -44
-13 -43
-13 -42
-13 -41
-13 -40
-13 -39
-13 -38
-13 -37
-13 -36
-13 -35
-13 -34
-13 -33
-13 -32
-13 -31
-13 -30
-13 -29
-13 -28
-13 -27
-13 -26
-13 -25
-13 -24
-13 -23
-13 -22
-13 -21
-13 -20
-13 -19
-13 -18
-13 -17
-13 -16
-13 -15
-13 -14
-13 -13
-13 -12
-13 -11
-13 -10
-13 -9
-12 -48
-12 -47
-12 -46
-12 -45
-12 -44
-12 -43
-12 -42
-12 -41
-12 -40
-12 -39
-12 -38
-12 -37
-12 -36
-12 -35
-12 -34
-12 -33
-12 -32
-12 -31
-12 -30
-12 -29
-12 -28
-12 -27
-12 -26
-12 -25
-12 -24
-12 -23
-12 -22
-12 -21
-12 -20
-12 -19
-12 -18
-12 -17
-12 -16
-12 -15
-12 -14
-12 -13
-12 -12
-12 -11
-12 -10
-12 -9
-12 -8
-11 -47
-11 -46
-11 -45
-11 -44
-11 -43
-11 -42
-11 -41
-11 -40
-11 -39
-11 -38
-11 -37
-11 -36
-11 -35
-11 -34
-11 -33
-11 -32
-11 -31
-11 -30
-11 -29
-11 -28
-11 -27
-11 -26
-11 -25
-11 -24
-11 -23
-11 -22
-11 -21
-11 -20
-11 -19
-11 -18
-11 -17
-11 -16
-11 -15
-11 -14
-11 -13
-11 -12
-11 -11
-11 -10
-11 -9
-11 -8
-10 -47
-10 -46
-10 -45
-10 -44
-10 -43
-10 -42
-10 -41
-10 -40
-10 -39
-10 -38
-10 -37
-10 -36
-10 -35
-10 -34
-10 -33
-10 -32
-10 -31
-10 -30
-10 -29
-10 -28
-10 -27
-10 -26
-10 -25
-10 -24
-10 -23
-10 -22
-10 -21
-10 -20
-10 -19
-10 -18
-10 -17
-10 -16
-10 -15
-10 -14
-10 -13
-10 -12
-10 -11
-10 -10
-10 -9
-10 -8
-10 -7
-9 -46
-9 -45
-9 -44
-9 -43
-9 -42
-9 -41
-9 -40
-9 -39
-9 -38
-9 -37
-9 -36
-9 -35
-9 -34
-9 -33
-9 -32
-9 -31
-9 -30
-9 -29
-9 -28
-9 -27
-9 -26
-9 -25
-9 -24
-9 -23
-9 -22
-9 -21
-9 -20
-9 -19
-9 -18
-9 -17
-9 -16
-9 -15
-9 -14
-9 -13
-9 -12
-9 -11
-9 -10
-9 -9
-9 -8
-9 -7
-9 -6
-8 -46
-8 -45
-8 -44
-8 -43
-8 -42
-8 -41
-8 -40
-8 -39
-8 -38
-8 -37
-8 -36
-8 -35
-8 -34
-8 -33
-8 -32
-8 -31
-8 -30
-8 -29
-8 -28
-8 -27
-8 -26
-8 -25
-8 -24
-8 -23
-8 -22
-8 -21
-8 -20
-8 -19
-8 -18
-8 -17
-8 -16
-8 -15
-8 -14
-8 -13
-8 -12
-8 -11
-8 -10
-8 -9
-8 -8
-8 -7
-8 -6
-7 -45
-7 -44
-7 -43
-7 -42
-7 -41
-7 -40
-7 -39
-7 -38
-7 -37
-7 -36
-7 -35
-7 -34
-7 -33
-7 -32
-7 -31
-7 -30
-7 -29
-7 -28
-7 -27
-7 -26
-7 -25
-7 -24
-7 -23
-7 -22
-7 -21
-7 -20
-7 -19
-7 -18
-7 -17
-7 -16
-7 -15
-7 -14
-7 -13
-7 -12
-7 -11
-7 -10
-7 -9
-7 -8
-7 -7
-7 -6
-7 -5
-6 -45
-6 -44
-6 -43
-6 -42
-6 -41
-6 -40
-6 -39
-6 -38
-6 -37
-6 -36
-6 -35
-6 -34
-6 -33
-6 -32
-6 -31
-6 -30
-6 -29
-6 -28
-6 -27
-6 -26
-6 -25
-6 -24
-6 -23
-6 -22
-6 -21
-6 -20
-6 -19
-6 -18
-6 -17
-6 -16
-6 -15
-6 -14
-6 -13
-6 -12
-6 -11
-6 -10
-6 -9
-6 -8
-6 -7
-6 -6
-6 -5
-6 -4
-5 -44
-5 -43
-5 -42
-5 -41
-5 -40
-5 -39
-5 -38
-5 -37
-5 -36
-5 -35
-5 -34
-5 -33
-5 -32
-5 -31
-5 -30
-5 -29
-5 -28
-5 -27
-5 -26
-5 -25
-5 -24
-5 -23
-5 -22
-5 -21
-5 -20
-5 -19
-5 -18
-5 -17
-5 -16
-5 -15
-5 -14
-5 -13
-5 -12
-5 -11
-5 -10
-5 -9
-5 -8
-5 -7
-5 -6
-5 -5
-5 -4
-4 -44
-4 -43
-4 -42
-4 -41
-4 -40
-4 -39
-4 -38
-4 -37
-4 -36
-4 -35
-4 -34
-4 -33
-4 -32
-4 -31
-4 -30
-4 -29
-4 -28
-4 -27
-4 -26
-4 -25
-4 -24
-4 -23
-4 -22
-4 -21
-4 -20
-4 -19
-4 -18
-4 -17
-4 -16
-4 -15
-4 -14
-4 -13
-4 -12
-4 -11
-4 -10
-4 -9
-4 -8
-4 -7
-4 -6
-4 -5
-4 -4
-4 -3
-3 -43
-3 -42
-3 -41
-3 -40
-3 -39
-3 -38
-3 -37
-3 -36
-3 -35
-3 -34
-3 -33
-3 -32
-3 -31
-3 -30
-3 -29
-3 -28
-3 -27
-3 -26
-3 -25
-3 -24
-3 -23
-3 -22
-3 -21
-3 -20
-3 -19
-3 -18
-3 -17
-3 -16
-3 -15
-3 -14
-3 -13
-3 -12
-3 -11
-3 -10
-3 -9
-3 -8
-3 -7
-3 -6
-3 -5
-3 -4
-3 -3
-3 -2
-2 -43
-2 -42
-2 -41
-2 -40
-2 -39
-2 -38
-2 -37
-2 -36
-2 -35
-2 -34
-2 -33
-2 -32
-2 -31
-2 -30
-2 -29
-2 -28
-2 -27
-2 -26
-2 -25
-2 -24
-2 -23
-2 -22
-2 -21
-2 -20
-2 -19
-2 -18
-2 -17
-2 -16
-2 -15
-2 -14
-2 -13
-2 -12
-2 -11
-2 -10
-2 -9
-2 -8
-2 -7
-2 -6
-2 -5
-2 -4
-2 -3
-2 -2
-1 -42
-1 -41
-1 -40
-1 -39
-1 -38
-1 -37
-1 -36
-1 -35
-1 -34
-1 -33
-1 -32
-1 -31
-1 -30
-1 -29
-1 -28
-1 -27
-1 -26
-1 -25
-1 -24
-1 -23
-1 -22
-1 -21
-1 -20
-1 -19
-1 -18
-1 -17
-1 -16
-1 -15
-1 -14
-1 -13
-1 -12
-1 -11
-1 -10
-1 -9
-1 -8
-1 -7
-1 -6
-1 -5
-1 -4
-1 -3
-1 -2
-1 -1
0 -42
0 -41
0 -40
0 -39
0 -38
0 -37
0 -36
0 -35
0 -34
0 -33
0 -32
0 -31
0 -30
0 -29
0 -28
0 -27
0 -26
0 -25
0 -24
0 -23
0 -22
0 -21
0 -20
0 -19
0 -18
0 -17
0 -16
0 -15
0 -14
0 -13
0 -12
0 -11
0 -10
0 -9
0 -8
0 -7
0 -6
0 -5
0 -4
0 -3
0 -2
0 -1
0 0
1 -41
1 -40
1 -39
1 -38
1 -37
1 -36
1 -35
1 -34
1 -33
1 -32
1 -31
1 -30
1 -29
1 -28
1 -27
1 -26
1 -25
1 -24
1 -23
1 -22
1 -21
1 -20
1 -19
1 -18
1 -17
1 -16
1 -15
1 -14
1 -13
1 -12
1 -11
1 -10
1 -9
1 -8
1 -7
1 -6
1 -5
1 -4
1 -3
1 -2
1 -1
1 0
2 -41
2 -40
2 -39
2 -38
2 -37
2 -36
2 -35
2 -34
2 -33
2 -32
2 -31
2 -30
2 -29
2 -28
2 -27
2 -26
2 -25
2 -24
2 -23
2 -22
2 -21
2 -20
2 -19
2 -18
2 -17
2 -16
2 -15
2 -14
2 -13
2 -12
2 -11
2 -10
2 -9
2 -8
2 -7
2 -6
2 -5
2 -4
2 -3
2 -2
2 -1
2 0
3 -41
3 -40
3 -39
3 -38
3 -37
3 -36
3 -35
3 -34
3 -33
3 -32
3 -31
3 -30
3 -29
3 -28
3 -27
3 -26
3 -25
3 -24
3 -23
3 -22
3 -21
3 -20
3 -19
3 -18
3 -17
3 -16
3 -15
3 -14
3 -13
3 -12
3 -11
3 -10
3 -9
3 -8
3 -7
3 -6
3 -5
3 -4
3 -3
3 -2
3 -1
3 0
4 -40
4 -39
4 -38
4 -37
4 -36
4 -35
4 -34
4 -33
4 -32
4 -31
4 -30
4 -29
4 -28
4 -27
4 -26
4 -25
4 -24
4 -23
4 -22
4 -21
4 -20
4 -19
4 -18
4 -17
4 -16
4 -15
4 -14
4 -13
4 -12
4 -11
4 -10
4 -9
4 -8
4 -7
4 -6
4 -5
4 -4
4 -3
4 -2
4 -1
4 0
5 -40
5 -39
5 -38
5 -37
5 -36
5 -35
5 -34
5 -33
5 -32
5 -31
5 -30
5 -29
5 -28
5 -27
5 -26
5 -25
5 -24
5 -23
5 -22
5 -21
5 -20
5 -19
5 -18
5 -17
5 -16
5 -15
5 -14
5 -13
5 -12
5 -11
5 -10
5 -9
5 -8
5 -7
5 -6
5 -5
5 -4
5 -3
5 -2
5 -1
5 0
6 -39
6 -38
6 -37
6 -36
6 -35
6 -34
6 -33
6 -32
6 -31
6 -30
6 -29
6 -28
6 -27
6 -26
6 -25
6 -24
6 -23
6 -22
6 -21
6 -20
6 -19
6 -18
6 -17
6 -16
6 -15
6 -14
6 -13
6 -12
6 -11
6 -10
6 -9
6 -8
6 -7
6 -6
6 -5
6 -4
6 -3
6 -2
6 -1
6 0
7 -39
7 -38
7 -37
7 -36
7 -35
7 -34
7 -33
7 -32
7 -31
7 -30
7 -29
7 -28
7 -27
7 -26
7 -25
7 -24
7 -23
7 -22
7 -21
7 -20
7 -19
7 -18
7 -17
7 -16
7 -15
7 -14
7 -13
7 -12
7 -11
7 -10
7 -9
7 -8
7 -7
7 -6
7 -5
7 -4
7 -3
7 -2
7 -1
7 0
8 -38
8 -37
8 -36
8 -35
8 -34
8 -33
8 -32
8 -31
8 -30
8 -29
8 -28
8 -27
8 -26
8 -25
8 -24
8 -23
8 -22
8 -21
8 -20
8 -19
8 -18
8 -17
8 -16
8 -15
8 -14
8 -13
8 -12
8 -11
8 -10
8 -9
8 -8
8 -7
8 -6
8 -5
8 -4
8 -3
8 -2
8 -1
8 0
9 -38
9 -37
9 -36
9 -35
9 -34
9 -33
9 -32
9 -31
9 -30
9 -29
9 -28
9 -27
9 -26
9 -25
9 -24
9 -23
9 -22
9 -21
9 -20
9 -19
9 -18
9 -17
9 -16
9 -15
9 -14
9 -13
9 -12
9 -11
9 -10
9 -9
9 -8
9 -7
9 -6
9 -5
9 -4
9 -3
9 -2
9 -1
9 0
10 -37
10 -36
10 -35
10 -34
10 -33
10 -32
10 -31
10 -30
10 -29
10 -28
10 -27
10 -26
10 -25
10 -24
10 -23
10 -22
10 -21
10 -20
10 -19
10 -18
10 -17
10 -16
10 -15
10 -14
10 -13
10 -12
10 -11
10 -10
10 -9
10 -8
10 -7
10 -6
10 -5
10 -4
10 -3
10 -2
10 -1
10 0
11 -37
11 -36
11 -35
11 -34
11 -33
11 -32
11 -31
11 -30
11 -29
11 -28
11 -27
11 -26
11 -25
11 -24
11 -23
11 -22
11 -21
11 -20
11 -19
11 -18
11 -17
11 -16
11 -15
11 -14
11 -13
11 -12
11 -11
11 -10
11 -9
11 -8
11 -7
11 -6
11 -5
11 -4
11 -3
11 -2
11 -1
11 0
12 -36
12 -35
12 -34
12 -33
12 -32
12 -31
12 -30
12 -29
12 -28
12 -27
12 -26
12 -25
12 -24
12 -23
12 -22
12 -21
12 -20
12 -19
12 -18
12 -17
12 -16
12 -15
12 -14
12 -13
12 -12
12 -11
12 -10
12 -9
12 -8
12 -7
12 -6
12 -5
12 -4
12 -3
12 -2
12 -1
12 0
13 -36
13 -35
13 -34
13 -33
13 -32
13 -31
13 -30
13 -29
13 -28
13 -27
13 -26
13 -25
13 -24
13 -23
13 -22
13 -21
13 -20
13 -19
13 -18
13 -17
13 -16
13 -15
13 -14
13 -13
13 -12
13 -11
13 -10
13 -9
13 -8
13 -7
13 -6
13 -5
13 -4
13 -3
13 -2
13 -1
13 0
14 -35
14 -34
14 -33
14 -32
14 -31
14 -30
14 -29
14 -28
14 -27
14 -26
14 -25
14 -24
14 -23
14 -22
14 -21
14 -20
14 -19
14 -18
14 -17
14 -16
14 -15
14 -14
14 -13
14 -12
14 -11
14 -10
14 -9
14 -8
14 -7
14 -6
14 -5
14 -4
14 -3
14 -2
14 -1
14 0
15 -35
15 -34
15 -33
15 -32
15 -31
15 -30
15 -29
15 -28
15 -27
15 -26
15 -25
15 -24
15 -23
15 -22
15 -21
15 -20
15 -19
15 -18
15 -17
15 -16
15 -15
15 -14
15 -13
15 -12
15 -11
15 -10
15 -9
15 -8
15 -7
15 -6
15 -5
15 -4
15 -3
15 -2
15 -1
15 0
16 -34
16 -33
16 -32
16 -31
16 -30
16 -29
16 -28
16 -27
16 -26
16 -25
16 -24
16 -23
16 -22
16 -21
16 -20
16 -19
16 -18
16 -17
16 -16
16 -15
16 -14
16 -13
16 -12
16 -11
16 -10
16 -9
16 -8
16 -7
16 -6
16 -5
16 -4
16 -3
16 -2
16 -1
16 0
17 -34
17 -33
17 -32
17 -31
17 -30
17 -29
17 -28
17 -27
17 -26
17 -25
17 -24
17 -23
17 -22
17 -21
17 -20
17 -19
17 -18
17 -17
17 -16
17 -15
17 -14
17 -13
17 -12
17 -11
17 -10
17 -9
17 -8
17 -7
17 -6
17 -5
17 -4
17 -3
17 -2
17 -1
17 0
18 -33
18 -32
18 -31
18 -30
18 -29
18 -28
18 -27
18 -26
18 -25
18 -24
18 -23
18 -22
18 -21
18 -20
18 -19
18 -18
18 -17
18 -16
18 -15
18 -14
18 -13
18 -12
18 -11
18 -10
18 -9
18 -8
18 -7
18 -6
18 -5
18 -4
18 -3
18 -2
18 -1
18 0
19 -33
19 -32
19 -31
19 -30
19 -29
19 -28
19 -27
19 -26
19 -25
19 -24
19 -23
19 -22
19 -21
19 -20
19 -19
19 -18
19 -17
19 -16
19 -15
19 -14
19 -13
19 -12
19 -11
19 -10
19 -9
19 -8
19 -7
19 -6
19 -5
19 -4
19 -3
19 -2
19 -1
19 0
20 -32
20 -31
20 -30
20 -29
20 -28
20 -27
20 -26
20 -25
20 -24
20 -23
20 -22
20 -21
20 -20
20 -19
20 -18
20 -17
20 -16
20 -15
20 -14
20 -13
20 -12
20 -11
20 -10
20 -9
20 -8
20 -7
20 -6
20 -5
20 -4
20 -3
20 -2
20 -1
20 0
21 -32
21 -31
21 -30
21 -29
21 -28
21 -27
21 -26
21 -25
21 -24
21 -23
21 -22
21 -21
21 -20
21 -19
21 -18
21 -17
21 -16
21 -15
21 -14
21 -13
21 -12
21 -11
21 -10
21 -9
21 -8
21 -7
21 -6
21 -5
21 -4
21 -3
21 -2
21 -1
21 0
22 -31
22 -30
22 -29
22 -28
22 -27
22 -26
22 -25
22 -24
22 -23
22 -22
22 -21
22 -20
22 -19
22 -18
22 -17
22 -16
22 -15
22 -14
22 -13
22 -12
22 -11
22 -10
22 -9
22 -8
22 -7
22 -6
22 -5
22 -4
22 -3
22 -2
22 -1
22 0
23 -31
23 -30
23 -29
23 -28
23 -27
23 -26
23 -25
23 -24
23 -23
23 -22
23 -21
23 -20
23 -19
23 -18
23 -17
23 -16
23 -15
23 -14
23 -13
23 -12
23 -11
23 -10
23 -9
23 -8
23 -7
23 -6
23 -5
23 -4
23 -3
23 -2
23 -1
23 0
24 -30
24 -29
24 -28
24 -27
24 -26
24 -25
24 -24
24 -23
24 -22
24 -21
24 -20
24 -19
24 -18
24 -17
24 -16
24 -15
24 -14
24 -13
24 -12
24 -11
24 -10
24 -9
24 -8
24 -7
24 -6
24 -5
24 -4
24 -3
24 -2
24 -1
24 0
25 -30
25 -29
25 -28
25 -27
25 -26
25 -25
25 -24
25 -23
25 -22
25 -21
25 -20
25 -19
25 -18
25 -17
25 -16
25 -15
25 -14
25 -13
25 -12
25 -11
25 -10
25 -9
25 -8
25 -7
25 -6
25 -5
25 -4
25 -3
25 -2
25 -1
25 0
26 -29
26 -28
26 -27
26 -26
26 -25
26 -24
26 -23
26 -22
26 -21
26 -20
26 -19
26 -18
26 -17
26 -16
26 -15
26 -14
26 -13
26 -12
26 -11
26 -10
26 -9
26 -8
26 -7
26 -6
26 -5
26 -4
26 -3
26 -2
26 -1
26 0
27 -29
27 -28
27 -27
27 -26
27 -25
27 -24
27 -23
27 -22
27 -21
27 -20
27 -19
27 -18
27 -17
27 -16
27 -15
27 -14
27 -13
27 -12
27 -11
27 -10
27 -9
27 -8
27 -7
27 -6
27 -5
27 -4
27 -3
27 -2
27 -1
27 0
28 -28
28 -27
28 -26
28 -25
28 -24
28 -23
28 -22
28 -21
28 -20
28 -19
28 -18
28 -17
28 -16
28 -15
28 -14
28 -13
28 -12
28 -11
28 -10
28 -9
28 -8
28 -7
28 -6
28 -5
28 -4
28 -3
28 -2
28 -1
28 0
29 -28
29 -27
29 -26
29 -25
29 -24
29 -23
29 -22
29 -21
29 -20
29 -19
29 -18
29 -17
29 -16
29 -15
29 -14
29 -13
29 -12
29 -11
29 -10
29 -9
29 -8
29 -7
29 -6
29 -5
29 -4
29 -3
29 -2
29 -1
29 0
30 -27
30 -26
30 -25
30 -24
30 -23
30 -22
30 -21
30 -20
30 -19
30 -18
30 -17
30 -16
30 -15
30 -14
30 -13
30 -12
30 -11
30 -10
30 -9
30 -8
30 -7
30 -6
30 -5
30 -4
30 -3
30 -2
30 -1
30 0
31 -27
31 -26
31 -25
31 -24
31 -23
31 -22
31 -21
31 -20
31 -19
31 -18
31 -17
31 -16
31 -15
31 -14
31 -13
31 -12
31 -11
31 -10
31 -9
31 -8
31 -7
31 -6
31 -5
31 -4
31 -3
31 -2
31 -1
31 0
32 -26
32 -25
32 -24
32 -23
32 -22
32 -21
32 -20
32 -19
32 -18
32 -17
32 -16
32 -15
32 -14
32 -13
32 -12
32 -11
32 -10
32 -9
32 -8
32 -7
32 -6
32 -5
32 -4
32 -3
32 -2
32 -1
32 0
33 -26
33 -25
33 -24
33 -23
33 -22
33 -21
33 -20
33 -19
33 -18
33 -17
33 -16
33 -15
33 -14
33 -13
33 -12
33 -11
33 -10
33 -9
33 -8
33 -7
33 -6
33 -5
33 -4
33 -3
33 -2
33 -1
33 0
34 -25
34 -24
34 -23
34 -22
34 -21
34 -20
34 -19
34 -18
34 -17
34 -16
34 -15
34 -14
34 -13
34 -12
34 -11
34 -10
34 -9
34 -8
34 -7
34 -6
34 -5
34 -4
34 -3
34 -2
34 -1
34 0
35 -25
35 -24
35 -23
35 -22
35 -21
35 -20
35 -19
35 -18
35 -17
35 -16
35 -15
35 -14
35 -13
35 -12
35 -11
35 -10
35 -9
35 -8
35 -7
35 -6
35 -5
35 -4
35 -3
35 -2
35 -1
35 0
36 -24
36 -23
36 -22
36 -21
36 -20
36 -19
36 -18
36 -17
36 -16
36 -15
36 -14
36 -13
36 -12
36 -11
36 -10
36 -9
36 -8
36 -7
36 -6
36 -5
36 -4
36 -3
36 -2
36 -1
36 0
37 -24
37 -23
37 -22
37 -21
37 -20
37 -19
37 -18
37 -17
37 -16
37 -15
37 -14
37 -13
37 -12
37 -11
37 -10
37 -9
37 -8
37 -7
37 -6
37 -5
37 -4
37 -3
37 -2
37 -1
37 0
38 -23
38 -22
38 -21
38 -20
38 -19
38 -18
38 -17
38 -16
38 -15
38 -14
38 -13
38 -12
38 -11
38 -10
38 -9
38 -8
38 -7
38 -6
38 -5
38 -4
38 -3
38 -2
38 -1
38 0
39 -23
39 -22
39 -21
39 -20
39 -19
39 -18
39 -17
39 -16
39 -15
39 -14
39 -13
39 -12
39 -11
39 -10
39 -9
39 -8
39 -7
39 -6
39 -5
39 -4
39 -3
39 -2
39 -1
39 0
40 -22
40 -21
40 -20
40 -19
40 -18
40 -17
40 -16
40 -15
40 -14
40 -13
40 -12
40 -11
40 -10
40 -9
40 -8
40 -7
40 -6
40 -5
40 -4
40 -3
40 -2
40 -1
40 0
41 -22
41 -21
41 -20
41 -19
41 -18
41 -17
41 -16
41 -15
41 -14
41 -13
41 -12
41 -11
41 -10
41 -9
41 -8
41 -7
41 -6
41 -5
41 -4
41 -3
41 -2
41 -1
41 0
42 -21
42 -20
42 -19
42 -18
42 -17
42 -16
42 -15
42 -14
42 -13
42 -12
42 -11
42 -10
42 -9
42 -8
42 -7
42 -6
42 -5
42 -4
42 -3
42 -2
42 -1
42 0
43 -21
43 -20
43 -19
43 -18
43 -17
43 -16
43 -15
43 -14
43 -13
43 -12
43 -11
43 -10
43 -9
43 -8
43 -7
43 -6
43 -5
43 -4
43 -3
43 -2
43 -1
43 0
44 -20
44 -19
44 -18
44 -17
44 -16
44 -15
44 -14
44 -13
44 -12
44 -11
44 -10
44 -9
44 -8
44 -7
44 -6
44 -5
44 -4
44 -3
44 -2
44 -1
44 0
45 -20
45 -19
45 -18
45 -17
45 -16
45 -15
45 -14
45 -13
45 -12
45 -11
45 -10
45 -9
45 -8
45 -7
45 -6
45 -5
45 -4
45 -3
45 -2
45 -1
45 0
46 -19
46 -18
46 -17
46 -16
46 -15
46 -14
46 -13
46 -12
46 -11
46 -10
46 -9
46 -8
46 -7
46 -6
46 -5
46 -4
46 -3
46 -2
46 -1
46 0
47 -19
47 -18
47 -17
47 -16
47 -15
47 -14
47 -13
47 -12
47 -11
47 -10
47 -9
47 -8
47 -7
47 -6
47 -5
47 -4
47 -3
47 -2
47 -1
47 0
48 -18
48 -17
48 -16
48 -15
48 -14
48 -13
48 -12
48 -11
48 -10
48 -9
48 -8
48 -7
48 -6
48 -5
48 -4
48 -3
48 -2
48 -1
48 0
49 -18
49 -17
49 -16
49 -15
49 -14
49 -13
49 -12
49 -11
49 -10
49 -9
49 -8
49 -7
49 -6
49 -5
49 -4
49 -3
49 -2
49 -1
49 0
50 -17
50 -16
50 -15
50 -14
50 -13
50 -12
50 -11
50 -10
50 -9
50 -8
50 -7
50 -6
50 -5
50 -4
50 -3
50 -2
50 -1
50 0
51 -17
51 -16
51 -15
51 -14
51 -13
51 -12
51 -11
51 -10
51 -9
51 -8
51 -7
51 -6
51 -5
51 -4
51 -3
51 -2
51 -1
51 0
52 -16
52 -15
52 -14
52 -13
52 -12
52 -11
52 -10
52 -9
52 -8
52 -7
52 -6
52 -5
52 -4
52 -3
52 -2
52 -1
52 0
53 -16
53 -15
53 -14
53 -13
53 -12
53 -11
53 -10
53 -9
53 -8
53 -7
53 -6
53 -5
53 -4
53 -3
53 -2
53 -1
53 0
54 -15
54 -14
54 -13
54 -12
54 -11
54 -10
54 -9
54 -8
54 -7
54 -6
54 -5
54 -4
54 -3
54 -2
54 -1
54 0
55 -15
55 -14
55 -13
55 -12
55 -11
55 -10
55 -9
55 -8
55 -7
55 -6
55 -5
55 -4
55 -3
55 -2
55 -1
55 0
56 -14
56 -13
56 -12
56 -11
56 -10
56 -9
56 -8
56 -7
56 -6
56 -5
56 -4
56 -3
56 -2
56 -1
56 0
57 -14
57 -13
57 -12
57 -11
57 -10
57 -9
57 -8
57 -7
57 -6
57 -5
57 -4
57 -3
57 -2
57 -1
57 0
58 -13
58 -12
58 -11
58 -10
58 -9
58 -8
58 -7
58 -6
58 -5
58 -4
58 -3
58 -2
58 -1
58 0
59 -13
59 -12
59 -11
59 -10
59 -9
59 -8
59 -7
59 -6
59 -5
59 -4
59 -3
59 -2
59 -1
59 0
60 -12
60 -11
60 -10
60 -9
60 -8
60 -7
60 -6
60 -5
60 -4
60 -3
60 -2
60 -1
60 0
61 -12
61 -11
61 -10
61 -9
61 -8
61 -7
61 -6
61 -5
61 -4
61 -3
61 -2
61 -1
61 0
62 -11
62 -10
62 -9
62 -8
62 -7
62 -6
62 -5
62 -4
62 -3
62 -2
62 -1
62 0
63 -11
63 -10
63 -9
63 -8
63 -7
63 -6
63 -5
63 -4
63 -3
63 -2
63 -1
63 0
64 -10
64 -9
64 -8
64 -7
64 -6
64 -5
64 -4
64 -3
64 -2
64 -1
64 0
65 -10
65 -9
65 -8
65 -7
65 -6
65 -5
65 -4
65 -3
65 -2
65 -1
65 0
66 -9
66 -8
66 -7
66 -6
66 -5
66 -4
66 -3
66 -2
66 -1
66 0
67 -9
67 -8
67 -7
67 -6
67 -5
67 -4
67 -3
67 -2
67 -1
67 0
68 -8
68 -7
68 -6
68 -5
68 -4
68 -3
68 -2
68 -1
68 0
69 -8
69 -7
69 -6
69 -5
69 -4
69 -3
69 -2
69 -1
69 0
70 -7
70 -6
70 -5
70 -4
70 -3
70 -2
70 -1
70 0
71 -7
71 -6
71 -5
71 -4
71 -3
71 -2
71 -1
71 0
72 -6
72 -5
72 -4
72 -3
72 -2
72 -1
72 0
73 -6
73 -5
73 -4
73 -3
73 -2
73 -1
73 0
74 -5
74 -4
74 -3
74 -2
74 -1
74 0
75 -5
75 -4
75 -3
75 -2
75 -1
75 0
76 -4
76 -3
76 -2
76 -1
76 0
77 -4
77 -3
77 -2
77 -1
77 0
78 -3
78 -2
78 -1
78 0
79 -3
79 -2
79 -1
79 0
80 -2
80 -1
80 0
81 -2
81 -1
81 0
82 -1
82 0
83 -1
83 0
84 0
85 0
86 0
